maxLOD = 18.2623422045

43
17.5288225224
124
17.5538890797
273
16.9216646096
561
17.2953330348
754
17.5288225224
846
18.2623422045
1123
17.3518160105

perc[ 0 ] = 5.84156748621
perc[ 1 ] = 6.59176158787
perc[ 2 ] = 7.60622607089
perc[ 3 ] = 7.75673220067
perc[ 4 ] = 6.64804514316
perc[ 5 ] = 6.03173804457
perc[ 6 ] = 7.93498615863
perc[ 7 ] = 8.70666118359
perc[ 8 ] = 4.89174839175
perc[ 9 ] = 4.73086583552
perc[ 10 ] = 6.33517215278
perc[ 11 ] = 6.33659505647
perc[ 12 ] = 7.17480317531
perc[ 13 ] = 6.9957599458
perc[ 14 ] = 6.56347987499
perc[ 15 ] = 7.8322455828
perc[ 16 ] = 7.22848033914
perc[ 17 ] = 6.16441861114
perc[ 18 ] = 6.6729620425
perc[ 19 ] = 9.26947483132
perc[ 20 ] = 7.06389356954
perc[ 21 ] = 7.2507148314
perc[ 22 ] = 8.02329747725
perc[ 23 ] = 8.30913008008
perc[ 24 ] = 9.91953725454
perc[ 25 ] = 6.19324249063
perc[ 26 ] = 10.9110793761
perc[ 27 ] = 5.82180904333
perc[ 28 ] = 9.40016969217
perc[ 29 ] = 10.1155354417
perc[ 30 ] = 7.80956292097
perc[ 31 ] = 7.18908973947
perc[ 32 ] = 8.58749460491
perc[ 33 ] = 4.91202064082
perc[ 34 ] = 6.14594216842
perc[ 35 ] = 7.64086834793
perc[ 36 ] = 5.60806743629
perc[ 37 ] = 7.49938154239
perc[ 38 ] = 6.87148430548
perc[ 39 ] = 4.77271248619
perc[ 40 ] = 8.82594619487
perc[ 41 ] = 7.35458673516
perc[ 42 ] = 7.61423849979
perc[ 43 ] = 9.49136619391
perc[ 44 ] = 5.2205823682
perc[ 45 ] = 8.25766113892
perc[ 46 ] = 5.86783689416
perc[ 47 ] = 7.40171447755
perc[ 48 ] = 7.50871391953
perc[ 49 ] = 6.87680610784
perc[ 50 ] = 7.8833204852
perc[ 51 ] = 12.1184932277
perc[ 52 ] = 6.94072790055
perc[ 53 ] = 8.58475594984
perc[ 54 ] = 9.80692147349
perc[ 55 ] = 6.80323861718
perc[ 56 ] = 6.24787141362
perc[ 57 ] = 7.5226566048
perc[ 58 ] = 5.64311992073
perc[ 59 ] = 9.68178296641
perc[ 60 ] = 8.64487308268
perc[ 61 ] = 8.42127484848
perc[ 62 ] = 6.46323225719
perc[ 63 ] = 7.05831837231
perc[ 64 ] = 7.38719394767
perc[ 65 ] = 8.64527257845
perc[ 66 ] = 6.78228382788
perc[ 67 ] = 8.20563469636
perc[ 68 ] = 11.0379791526
perc[ 69 ] = 5.52099176079
perc[ 70 ] = 13.4837965943
perc[ 71 ] = 6.40700428497
perc[ 72 ] = 8.58966290637
perc[ 73 ] = 10.0703180579
perc[ 74 ] = 6.18598961734
perc[ 75 ] = 8.30532711948
perc[ 76 ] = 6.34971710651
perc[ 77 ] = 5.95185940069
perc[ 78 ] = 7.106122245
perc[ 79 ] = 8.15204618688
perc[ 80 ] = 6.79232930746
perc[ 81 ] = 5.92843424759
perc[ 82 ] = 8.50391440933
perc[ 83 ] = 5.24652470217
perc[ 84 ] = 6.08074479052
perc[ 85 ] = 5.02732576914
perc[ 86 ] = 9.00800092013
perc[ 87 ] = 5.29272571888
perc[ 88 ] = 7.72857552937
perc[ 89 ] = 8.47800987169
perc[ 90 ] = 6.95711926821
perc[ 91 ] = 5.400264092
perc[ 92 ] = 5.46836180818
perc[ 93 ] = 8.19929357243
perc[ 94 ] = 9.2811130385
perc[ 95 ] = 10.9397665933
perc[ 96 ] = 7.09518210366
perc[ 97 ] = 6.44425199504
perc[ 98 ] = 6.5826393996
perc[ 99 ] = 5.82423401963

[[0.39999999999999997, 0.6], [0.75, 0.25], [0.6, 0.39999999999999997]]

[0.125, 0.041666666666666664, 0.06666666666666667, 0.041666666666666664, 0.325, 0.09999999999999999, 0.13333333333333333, 0.06666666666666667, 0.09999999999999999]

[0.16666666666666516, 1.506731165664317e-15, 2.2280973184900958e-07, 1.506731165664317e-15, 0.49999955438053484, 0.16666644385693483, 4.4561946369801915e-07, 2.2280973184900958e-07, 0.16666644385693483]
[[1.3368583910940575e-06, 0.9999986631416089], [0.999999999999991, 9.040386993985903e-15], [0.9999986631416089, 1.3368583910940575e-06]]

bicoid:
[[0.16666666666666666, 0.3888888888888889, 0.16666666666666666, 0.2777777777777778], [0.16666666666666666, 0.08333333333333333, 0.05555555555555555, 0.6944444444444444], [0.9166666666666666, 0.0, 0.08333333333333333, 0.0], [0.9444444444444444, 0.0, 0.0, 0.05555555555555555], [0.0, 0.0, 0.16666666666666666, 0.8333333333333334], [0.1111111111111111, 0.8333333333333334, 0.0, 0.05555555555555555], [0.05555555555555555, 0.4166666666666667, 0.1111111111111111, 0.4166666666666667], [0.1111111111111111, 0.3611111111111111, 0.3333333333333333, 0.19444444444444445], [0.19444444444444445, 0.2222222222222222, 0.3333333333333333, 0.25]]

hunchback:
[[0.046511627906976744, 0.09302325581395349, 0.0, 0.8604651162790697], [0.0, 0.06976744186046512, 0.06976744186046512, 0.8604651162790697], [0.023255813953488372, 0.11627906976744186, 0.18604651162790697, 0.6744186046511628], [0.09302325581395349, 0.0, 0.046511627906976744, 0.8604651162790697], [0.046511627906976744, 0.11627906976744186, 0.3023255813953488, 0.5348837209302325], [0.023255813953488372, 0.5348837209302325, 0.37209302325581395, 0.06976744186046512], [0.27906976744186046, 0.3023255813953488, 0.13953488372093023, 0.27906976744186046], [0.0, 0.5348837209302325, 0.09302325581395349, 0.37209302325581395], [0.2558139534883721, 0.023255813953488372, 0.37209302325581395, 0.3488372093023256]]

kruppel:
[[0.2608695652173913, 0.17391304347826086, 0.17391304347826086, 0.391304347826087], [0.5652173913043478, 0.17391304347826086, 0.2608695652173913, 0.0], [0.8695652173913043, 0.13043478260869565, 0.0, 0.0], [0.6956521739130435, 0.2608695652173913, 0.0, 0.043478260869565216], [0.4782608695652174, 0.2608695652173913, 0.17391304347826086, 0.08695652173913043], [0.043478260869565216, 0.13043478260869565, 0.782608695652174, 0.043478260869565216], [0.21739130434782608, 0.0, 0.782608695652174, 0.0], [0.17391304347826086, 0.08695652173913043, 0.7391304347826086, 0.0], [0.0, 0.08695652173913043, 0.0, 0.9130434782608695]]